0, 0, 0, 0, 0, 0, 0, 0, 0, 0, 0, 0, 0, 0, 0, 0, 0, 0, 0, 0,
0, 289, 296, 289, 289, 289, 289, 289, 289, 289, 289, 289, 289, 289, 289, 0, 0, 0, 0, 0,
0, 289, 289, 289, 289, 0, 0, 0, 0, 289, 298, 289, 289, 296, 289, 0, 0, 0, 0, 0,
0, 289, 293, 289, 289, 0, 0, 0, 0, 289, 289, 289, 289, 289, 289, 0, 0, 0, 0, 0,
0, 289, 289, 289, 289, 0, 0, 0, 0, 305, 289, 293, 289, 289, 289, 0, 0, 0, 0, 0,
0, 296, 289, 289, 289, 0, 0, 0, 0, 289, 289, 289, 289, 289, 305, 0, 0, 0, 0, 0,
0, 289, 289, 289, 289, 0, 0, 0, 0, 289, 289, 296, 289, 289, 289, 0, 0, 0, 0, 0,
0, 289, 289, 289, 289, 0, 0, 0, 0, 289, 289, 289, 289, 289, 293, 0, 0, 364, 364, 0,
0, 293, 289, 289, 289, 0, 0, 0, 0, 293, 289, 289, 289, 289, 289, 0, 0, 0, 0, 0,
0, 289, 289, 289, 289, 0, 0, 0, 0, 289, 289, 289, 289, 289, 289, 0, 0, 0, 0, 0,
0, 289, 289, 289, 289, 0, 0, 0, 0, 0, 346, 0, 0, 289, 289, 289, 289, 289, 289, 0,
0, 289, 296, 289, 289, 0, 0, 0, 0, 0, 351, 0, 0, 0, 289, 289, 289, 289, 293, 0,
0, 289, 289, 289, 289, 0, 0, 0, 0, 289, 297, 289, 0, 0, 289, 296, 289, 289, 289, 0,
0, 0, 0, 0, 0, 0, 0, 0, 0, 289, 297, 289, 0, 0, 289, 289, 289, 289, 289, 0,
0, 0, 0, 0, 0, 0, 0, 0, 0, 289, 297, 289, 0, 0, 289, 289, 289, 293, 289, 0,
0, 0, 0, 0, 0, 0, 0, 0, 0, 289, 297, 289, 0, 0, 0, 305, 289, 289, 289, 0,
0, 0, 0, 0, 0, 0, 289, 289, 289, 289, 289, 289, 0, 0, 0, 0, 0, 0, 0, 0,
0, 0, 0, 0, 0, 0, 289, 289, 289, 289, 289, 289, 298, 289, 289, 289, 289, 289, 289, 0,
0, 0, 0, 0, 0, 0, 289, 296, 289, 289, 293, 289, 289, 289, 289, 293, 289, 289, 289, 0,
0, 0, 0, 0, 0, 0, 0, 0, 0, 0, 0, 0, 0, 0, 0, 0, 0, 0, 0, 0