77, 77, 77, 77, 77, 77, 77, 77, 77, 77, 77, 77, 77, 77, 77, 77, 77, 77, 77, 77, 77, 77, 77, 77, 77, 77, 77, 77, 77, 77, 77, 77, 77, 77, 77, 77, 77, 77, 77, 77,
77, 77, 77, 77, 77, 77, 77, 77, 77, 77, 77, 77, 77, 77, 77, 77, 77, 77, 77, 77, 77, 77, 77, 77, 77, 77, 77, 77, 77, 77, 77, 77, 77, 77, 77, 77, 77, 77, 77, 77,
0, 0, 0, 0, 0, 0, 0, 0, 0, 0, 0, 0, 0, 0, 0, 0, 0, 0, 0, 0, 77, 77, 77, 77, 77, 77, 77, 77, 77, 77, 77, 77, 77, 77, 77, 77, 77, 77, 77, 77,
40, 40, 40, 40, 40, 40, 40, 40, 40, 40, 40, 40, 40, 40, 40, 40, 40, 40, 40, 0, 77, 77, 77, 77, 77, 77, 77, 77, 77, 77, 77, 77, 77, 77, 77, 77, 77, 77, 77, 77,
40, 0, 40, 40, 40, 40, 40, 40, 40, 40, 40, 40, 40, 40, 40, 40, 40, 40, 40, 0, 77, 77, 77, 77, 77, 77, 77, 77, 77, 77, 77, 77, 77, 77, 77, 77, 77, 77, 77, 77,
40, 40, 40, 40, 40, 40, 40, 40, 40, 40, 40, 40, 40, 40, 40, 40, 40, 40, 40, 0, 77, 77, 77, 77, 77, 77, 77, 77, 77, 77, 77, 77, 77, 77, 77, 77, 77, 77, 77, 77,
40, 40, 40, 40, 40, 40, 40, 40, 40, 40, 40, 40, 40, 40, 40, 40, 40, 40, 40, 0, 77, 77, 77, 77, 77, 77, 77, 77, 77, 77, 77, 77, 77, 77, 77, 77, 77, 77, 77, 77,
40, 40, 40, 40, 40, 40, 40, 40, 40, 40, 40, 40, 40, 40, 40, 40, 40, 40, 40, 0, 77, 77, 77, 77, 77, 77, 77, 77, 77, 40, 40, 40, 77, 77, 77, 77, 77, 77, 77, 77,
40, 40, 40, 40, 40, 40, 40, 40, 40, 71, 40, 40, 40, 40, 40, 40, 40, 40, 40, 0, 77, 77, 77, 77, 77, 77, 77, 77, 77, 40, 40, 40, 77, 77, 77, 77, 77, 77, 77, 77,
40, 40, 40, 40, 40, 40, 40, 40, 40, 72, 40, 40, 40, 40, 40, 40, 40, 40, 40, 0, 77, 77, 77, 77, 77, 77, 77, 77, 77, 40, 40, 40, 77, 77, 77, 77, 77, 77, 77, 77,
40, 40, 40, 40, 40, 40, 40, 40, 40, 72, 40, 40, 40, 40, 40, 40, 40, 40, 40, 0, 77, 77, 77, 77, 77, 77, 77, 77, 77, 40, 40, 40, 77, 77, 77, 77, 77, 77, 77, 77,
40, 40, 40, 40, 40, 40, 40, 40, 40, 72, 40, 40, 40, 40, 40, 40, 40, 40, 40, 0, 77, 77, 77, 77, 77, 77, 77, 77, 77, 40, 40, 40, 77, 77, 77, 77, 77, 77, 77, 77,
40, 40, 40, 40, 40, 40, 40, 40, 40, 72, 40, 40, 40, 40, 40, 40, 40, 40, 40, 40, 40, 40, 40, 40, 40, 40, 40, 40, 40, 40, 40, 40, 77, 77, 77, 77, 77, 77, 77, 77,
40, 40, 40, 40, 40, 40, 40, 40, 40, 72, 40, 40, 40, 40, 40, 40, 40, 40, 40, 40, 40, 40, 40, 40, 40, 40, 40, 40, 40, 40, 40, 40, 77, 77, 77, 77, 77, 77, 77, 77,
40, 40, 40, 40, 40, 40, 40, 40, 40, 72, 40, 40, 40, 40, 40, 40, 40, 40, 40, 0, 77, 77, 77, 77, 77, 77, 77, 77, 77, 77, 40, 40, 40, 40, 77, 77, 77, 77, 77, 77,
40, 40, 40, 40, 40, 40, 40, 40, 40, 72, 40, 40, 40, 40, 40, 40, 40, 40, 40, 0, 77, 77, 77, 77, 77, 77, 77, 77, 77, 77, 40, 40, 40, 40, 40, 40, 40, 40, 40, 77,
40, 40, 40, 40, 40, 40, 40, 40, 40, 40, 40, 40, 40, 40, 40, 40, 40, 40, 40, 0, 77, 77, 77, 77, 77, 77, 77, 77, 77, 77, 40, 40, 40, 40, 40, 40, 40, 40, 40, 77,
40, 40, 40, 40, 40, 40, 40, 40, 40, 40, 40, 40, 40, 40, 40, 40, 40, 40, 40, 0, 77, 77, 77, 77, 77, 77, 77, 77, 77, 77, 40, 40, 40, 40, 40, 40, 40, 40, 40, 77,
40, 40, 40, 40, 40, 40, 40, 40, 40, 40, 40, 40, 40, 40, 40, 40, 40, 40, 40, 0, 77, 77, 77, 77, 77, 77, 77, 77, 77, 77, 40, 40, 40, 40, 77, 77, 40, 40, 40, 77,
40, 40, 40, 40, 40, 40, 40, 40, 40, 40, 40, 40, 40, 40, 40, 40, 40, 40, 40, 0, 77, 77, 77, 77, 77, 77, 77, 77, 77, 77, 77, 77, 77, 77, 77, 77, 40, 40, 40, 77,
40, 40, 40, 40, 40, 40, 40, 40, 40, 40, 40, 40, 40, 40, 40, 40, 40, 40, 40, 0, 0, 0, 0, 0, 0, 0, 0, 0, 0, 0, 0, 77, 77, 77, 77, 77, 40, 40, 40, 77,
40, 40, 40, 40, 40, 40, 40, 40, 40, 40, 40, 40, 40, 40, 40, 40, 40, 40, 40, 40, 40, 40, 40, 40, 40, 40, 40, 40, 40, 40, 77, 77, 77, 77, 77, 77, 40, 40, 40, 77,
40, 40, 40, 40, 40, 40, 40, 40, 40, 40, 40, 40, 40, 40, 40, 40, 40, 40, 40, 40, 40, 40, 40, 40, 40, 40, 40, 40, 40, 40, 77, 77, 77, 77, 77, 77, 40, 40, 40, 77,
40, 40, 40, 40, 40, 40, 40, 40, 40, 40, 40, 40, 40, 40, 40, 40, 40, 40, 40, 40, 40, 40, 40, 40, 40, 40, 40, 40, 40, 40, 77, 77, 77, 77, 77, 77, 40, 40, 40, 77,
40, 40, 40, 40, 40, 40, 40, 40, 40, 40, 40, 40, 40, 40, 40, 40, 40, 40, 40, 40, 40, 40, 40, 40, 40, 40, 40, 40, 40, 40, 77, 77, 77, 77, 77, 77, 40, 40, 40, 77,
40, 40, 40, 40, 40, 40, 40, 40, 40, 40, 40, 40, 40, 40, 40, 40, 40, 40, 40, 40, 40, 40, 40, 40, 40, 40, 40, 40, 40, 40, 77, 77, 77, 77, 77, 77, 40, 40, 40, 77,
40, 40, 40, 40, 40, 40, 40, 40, 40, 40, 40, 40, 40, 40, 40, 40, 40, 40, 40, 40, 40, 40, 40, 40, 40, 40, 40, 40, 40, 40, 77, 77, 77, 77, 77, 77, 40, 40, 40, 77,
40, 40, 40, 40, 40, 40, 40, 40, 40, 40, 40, 40, 40, 40, 40, 40, 40, 40, 40, 40, 40, 40, 40, 40, 40, 40, 40, 40, 40, 40, 77, 77, 77, 77, 77, 77, 40, 40, 40, 77,
40, 40, 40, 40, 40, 40, 40, 40, 40, 40, 40, 40, 40, 40, 40, 40, 40, 40, 40, 40, 40, 40, 40, 40, 40, 40, 40, 40, 40, 40, 77, 77, 77, 77, 77, 77, 40, 40, 40, 77,
40, 40, 40, 40, 40, 40, 40, 40, 40, 40, 40, 40, 40, 40, 40, 40, 40, 40, 40, 40, 40, 40, 40, 40, 40, 40, 40, 40, 40, 40, 77, 77, 77, 77, 77, 77, 40, 40, 40, 77,
40, 40, 40, 40, 40, 40, 40, 40, 40, 40, 40, 40, 40, 40, 40, 40, 40, 40, 40, 40, 40, 40, 40, 40, 40, 40, 40, 40, 40, 40, 77, 77, 77, 77, 77, 77, 40, 40, 40, 77,
40, 40, 40, 40, 40, 40, 40, 40, 40, 40, 40, 40, 40, 40, 40, 40, 40, 40, 40, 40, 40, 40, 40, 40, 40, 40, 40, 40, 40, 40, 77, 77, 77, 77, 77, 77, 40, 40, 40, 77,
40, 40, 40, 40, 40, 40, 40, 40, 40, 40, 40, 40, 40, 40, 40, 40, 40, 40, 40, 40, 40, 40, 40, 40, 40, 40, 40, 40, 40, 40, 77, 77, 77, 77, 77, 77, 40, 40, 40, 77,
40, 40, 40, 40, 40, 40, 40, 40, 40, 40, 40, 40, 40, 40, 40, 40, 40, 40, 40, 40, 40, 40, 40, 40, 40, 40, 40, 40, 40, 40, 77, 77, 40, 40, 40, 40, 40, 40, 40, 77,
40, 40, 40, 40, 40, 40, 40, 40, 40, 40, 40, 40, 40, 40, 40, 40, 40, 40, 40, 40, 40, 40, 40, 40, 40, 40, 40, 40, 40, 40, 77, 77, 40, 40, 40, 40, 40, 40, 40, 77,
40, 40, 40, 40, 40, 40, 40, 40, 40, 40, 40, 40, 40, 40, 40, 40, 40, 40, 40, 40, 40, 40, 40, 40, 40, 40, 40, 40, 40, 40, 77, 77, 40, 40, 40, 40, 40, 40, 40, 77,
40, 40, 40, 40, 40, 40, 40, 40, 40, 40, 40, 40, 40, 40, 40, 40, 40, 40, 40, 40, 40, 40, 40, 40, 40, 40, 40, 40, 40, 40, 77, 77, 40, 40, 40, 40, 40, 40, 40, 77,
40, 40, 40, 40, 40, 40, 40, 40, 40, 40, 40, 40, 40, 40, 40, 40, 40, 40, 40, 40, 40, 40, 40, 40, 40, 40, 40, 40, 40, 40, 77, 77, 40, 40, 40, 40, 40, 40, 40, 77,
40, 40, 40, 40, 40, 40, 40, 40, 40, 40, 40, 40, 40, 40, 40, 40, 40, 40, 40, 40, 40, 40, 40, 40, 40, 40, 40, 40, 40, 40, 77, 77, 40, 40, 40, 40, 40, 40, 40, 77,
40, 40, 40, 40, 40, 40, 40, 40, 40, 40, 40, 40, 40, 40, 40, 40, 40, 40, 40, 40, 40, 40, 40, 40, 40, 40, 40, 40, 40, 40, 77, 77, 77, 77, 77, 77, 77, 77, 77, 77